[gd_scene load_steps=6 format=3 uid="uid://7hgqc4yb7lx"]

[ext_resource type="Script" uid="uid://du3kb181qimob" path="res://FallingBlocks/Scripts/platform_physics.gd" id="1_xtm6f"]

[sub_resource type="CylinderMesh" id="CylinderMesh_ahrn3"]
height = 0.2
radial_segments = 8

[sub_resource type="CylinderShape3D" id="CylinderShape3D_xtm6f"]
height = 0.2
radius = 0.45

[sub_resource type="BoxMesh" id="BoxMesh_xtm6f"]
size = Vector3(1, 0.2, 1)

[sub_resource type="BoxShape3D" id="BoxShape3D_ahrn3"]
size = Vector3(1, 0.2, 1)

[node name="Block2" type="RigidBody3D"]
script = ExtResource("1_xtm6f")
max_tilt_degrees = 15.0
tilt_speed = 2.0
tilt_to_movement_factor = 0.75

[node name="GroundRay" type="RayCast3D" parent="."]
visible = false
target_position = Vector3(0, -0.5, 0)

[node name="MeshInstance3D" type="MeshInstance3D" parent="."]
visible = false
mesh = SubResource("CylinderMesh_ahrn3")
skeleton = NodePath("../CollisionShape3D")

[node name="CollisionShape3D" type="CollisionShape3D" parent="."]
visible = false
shape = SubResource("CylinderShape3D_xtm6f")

[node name="GroundRay2" type="RayCast3D" parent="."]
transform = Transform3D(0.984808, 0, -0.173648, 0, 1, 0, 0.173648, 0, 0.984808, 0, 0, 0)
target_position = Vector3(0, -0.5, 0)

[node name="MeshInstance3D2" type="MeshInstance3D" parent="."]
transform = Transform3D(0.984808, 0, -0.173648, 0, 1, 0, 0.173648, 0, 0.984808, 0, 0, 0)
mesh = SubResource("BoxMesh_xtm6f")
skeleton = NodePath("../CollisionShape3D")

[node name="CollisionShape3D2" type="CollisionShape3D" parent="."]
transform = Transform3D(0.984808, 0, -0.173648, 0, 1, 0, 0.173648, 0, 0.984808, 0, 0, 0)
shape = SubResource("BoxShape3D_ahrn3")
